+------------+----------------+-----------------+
|releaseMonth|totalBoxOffice  |numMoviesReleased|
+------------+----------------+-----------------+
|1           |1,144,680,592.00|9                |
|2           |3,964,576,361.00|8                |
|3           |1,118,318,134.00|4                |
|4           |5,833,609,540.00|4                |
|5           |2,699,345,700.00|4                |
|6           |3,727,866,924.00|4                |
|7           |2,493,308,137.00|6                |
|8           |530,200,000.00  |1                |
|9           |1,596,733,732.00|5                |
|10          |2,090,267,300.00|13               |
|11          |6,695,310,445.00|18               |
|12          |6,021,783,968.00|18               |
+------------+----------------+-----------------+
