+----+-----------------+-----------------+
|year|totalBoxOffice   |numMoviesReleased|
+----+-----------------+-----------------+
|1977|775,400,000.00   |1                |
|2001|978,100,000.00   |1                |
|2002|879,602,366.00   |1                |
|2003|1,774,300,000.00 |2                |
|2010|0.00             |1                |
|2012|1,519,000,000.00 |1                |
|2013|1,276,000,000.00 |1                |
|2014|2,035,242,088.00 |3                |
|2015|1,402,809,540.00 |1                |
|2016|1,839,565,690.00 |2                |
|2017|3,927,950,835.00 |4                |
|2018|18,631,849,023.00|59               |
|2019|2,876,181,291.00 |17               |
+----+-----------------+-----------------+
