+---------------+------------------+
|name           |total_gross       |
+---------------+------------------+
|Drama          |438,282,954,263.00|
|Action         |375,301,201,077.96|
|Adventure      |360,607,328,430.96|
|Comedy         |340,081,811,624.00|
|Science Fiction|223,608,923,937.96|
|Thriller       |219,952,560,367.99|
|Fantasy        |191,778,136,830.00|
|Animation      |150,804,462,338.98|
|Family         |136,413,956,723.00|
|Crime          |115,917,860,969.00|
|Horror         |98,813,720,144.99 |
|Romance        |89,351,199,555.00 |
|Anime          |85,153,453,839.96 |
|Documentary    |55,406,896,048.00 |
|Mystery        |53,442,110,619.98 |
|Musical        |31,441,103,550.00 |
|History        |20,014,733,502.00 |
|Children       |19,004,210,477.00 |
|War            |17,821,258,851.00 |
|Western        |11,993,126,257.00 |
+---------------+------------------+
only showing top 20 rows